100
3 1 5 15 13 11
3 0 8 23 22 21
3 0 10 0 13 26
3 2 4 12 25 17
3 0 10 21 27 8
3 0 0 1 9 17
3 0 2 25 5 10
3 3 9 14 3 25
2 1 5 14 11
1 0 7 17
1 1 0 4
3 2 9 8 21 9
2 0 8 21 10
1 1 3 13
3 3 1 25 8 9
3 3 1 7 16 14
1 0 4 8
1 0 2 4
2 1 2 13 29
2 2 4 14 23
2 2 8 14 20
2 1 3 13 0
1 0 4 16
2 1 2 27 14
1 0 0 30
1 1 0 18
1 0 10 26
3 2 8 15 16 15
3 2 4 9 8 8
3 0 3 14 6 27
2 0 8 3 20
1 1 9 3
1 0 7 9
1 1 1 16
1 0 7 17
3 2 3 12 23 4
3 0 4 11 4 0
1 0 10 26
2 2 4 12 22
3 1 8 24 21 20
2 1 9 23 23
2 0 6 14 24
2 0 7 30 27
3 0 9 13 24 28
1 0 0 0
1 1 7 19
3 0 1 0 0 0
3 1 0 16 10 20
2 0 5 29 11
3 0 8 17 20 12
1 1 1 4
1 0 2 2
3 3 10 28 19 10
2 0 4 5 20
2 1 3 19 18
2 1 3 6 6
2 1 10 15 14
2 2 2 3 24
2 0 3 6 6
1 0 10 30
2 0 6 21 22
1 1 5 8
3 1 8 21 20 20
2 2 0 20 3
1 0 6 30
2 0 6 14 16
2 0 3 4 16
3 0 10 9 27 2
3 3 5 19 23 20
3 0 7 17 17 18
2 0 8 17 27
1 1 5 15
2 0 5 12 14
1 1 1 25
1 0 6 15
1 0 0 10
3 1 8 21 7 17
1 0 9 21
1 0 8 21
3 1 7 15 14 9
3 2 6 19 23 9
2 0 7 17 17
1 0 8 21
3 1 2 2 3 8
1 0 5 12
3 0 7 17 26 2
1 0 8 1
2 0 10 30 30
3 0 7 8 7 8
3 2 1 27 26 0
2 1 6 15 16
2 1 5 22 18
3 0 5 27 3 1
2 0 9 25 18
1 1 0 28
3 0 7 17 18 18
1 0 4 20
3 3 7 3 7 7
1 1 6 22
3 2 8 28 0 14
